11.520597014925373,11.230522388059704,10.936305970149252,11.516417910447762,11.09615671641791,11.559029850746269,12.110223880597017,11.38634328358209,11.608358208955226,11.411380597014926,11.119477611940301,11.608171641791046,11.077350746268657,11.373694029850745,11.523880597014925,10.45570895522388,11.432388059701491,11.406977611940297,11.894813432835821,11.6710447761194,11.342910447761195,11.477462686567165,11.457723880597014,10.97492537313433,10.715149253731344,11.536492537313434,11.433843283582089,11.54481343283582,10.984589552238806,11.578805970149254,11.951044776119403,11.219067164179105,11.647388059701491,11.887388059701493,11.164328358208955,11.294291044776118,11.378507462686567,11.560820895522388,11.400597014925374,11.395634328358208,12.467425373134327,11.774179104477613,10.764067164179107,11.184701492537313,12.343544776119403,12.07108208955224,11.393992537313432,11.858208955223878,11.397649253731345,11.21313432835821,11.648880597014927,11.4105223880597,11.302835820895522,11.093097014925373,11.6375,10.738582089552237,11.9014552238806,11.872462686567165,12.046492537313434,12.343544776119403,11.537313432835822,11.46097014925373,11.564626865671642,12.141455223880596,11.265597014925373,10.702686567164179,11.380298507462687,11.924365671641791,11.762686567164177,11.925895522388059,11.925373134328359,11.802126865671642,12.294626865671644,11.613358208955226,10.507425373134328,12.30847014925373,11.57462686567164,11.987462686567165,10.554477611940298,11.824514925373133,11.97865671641791,12.354962686567164,11.325410447761193,11.168097014925376,11.676268656716417,11.598059701492536,12.65097014925373,11.460559701492539,11.083656716417911,12.224029850746268,10.702276119402985,11.730410447761194,11.092388059701491,13.122910447761194,11.581194029850748,11.106567164179104,11.658768656716418,11.889440298507463,11.5675,11.960597014925373,11.610149253731342,11.467276119402984,11.572014925373136,11.530485074626867,12.125,11.594179104477611,11.748246268656715,11.577313432835822,10.722089552238806,11.896380597014923,11.979776119402985,12.20660447761194,10.75899253731343,11.251716417910446,11.709328358208953,11.50873134328358,11.089888059701492,11.456753731343284,11.49652985074627,11.777462686567164,12.365261194029854,11.884776119402984,11.612276119402983,11.43044776119403,12.268022388059702,12.145522388059701,11.432723880597017,11.780186567164177,11.863656716417909,11.826977611940297,12.207649253731343,11.41873134328358,12.200634328358209,12.386231343283582,11.587499999999999,11.232164179104476,11.647873134328359,11.759067164179106,10.98776119402985,11.158246268656718,11.443768656716417,11.272873134328359,11.935708955223879,11.56171641791045,12.196455223880596,11.026044776119402,11.478171641791043,10.942499999999999,11.173955223880597,11.232649253731344,12.690559701492536,11.39134328358209,11.686417910447764,11.128022388059703,11.57205223880597,11.672462686567163,11.16839552238806,11.73070895522388,12.093992537313431,11.674514925373135,11.550223880597017,11.426828358208954,12.755037313432835,11.936940298507462,11.394029850746268,11.538358208955223,11.363022388059699,11.20832089552239,11.088507462686566,11.395671641791045,11.640746268656716,11.656007462686565,11.220485074626867,11.396716417910449,11.79973880597015,11.511977611940301,11.820485074626864,11.721977611940302,11.119029850746271,11.763171641791043,12.216865671641791,11.43966417910448,11.189701492537312,11.710858208955223,11.534888059701494,12.756529850746267,11.180746268656716,12.302201492537316,10.456268656716418,11.346791044776118,11.365335820895522,11.874141791044776,11.619589552238805,12.110746268656715,11.866417910447758,11.829179104477612,11.490335820895522,12.420149253731344,11.70731343283582,11.145858208955225,
11.520597014925373,11.230522388059704,11.182798507462685,7.993843283582089,8.352014925373133,7.346119402985074,9.519701492537314,8.424589552238805,6.436082089552238,7.5418283582089565,8.64690298507463,8.828880597014924,7.159888059701492,6.10742537313433,5.161753731343284,6.887276119402985,7.280074626865671,8.307462686567163,7.094999999999999,7.147947761194029,8.052574626865672,8.948432835820896,7.996492537313435,8.835037313432837,7.856156716417911,9.12738805970149,7.232462686567163,8.018470149253732,6.728134328358209,7.968694029850747,7.924141791044775,7.468880597014925,7.054067164179105,7.218283582089553,5.692126865671642,8.455223880597016,7.27294776119403,6.856529850746269,8.805223880597016,9.9925,7.753768656716419,6.963955223880598,6.867276119402986,5.952462686567164,9.429850746268656,8.104850746268657,7.788880597014925,7.005298507462686,6.196268656716418,7.435559701492538,8.659179104477614,9.115223880597014,7.2382089552238815,8.164962686567165,6.7347761194029845,6.543208955223881,8.95007462686567,6.989402985074626,8.605932835820896,7.618768656716417,6.90115671641791,7.647350746268658,8.614402985074625,7.203582089552238,6.8007835820895535,7.750559701492536,6.87679104477612,7.6230223880597014,7.533022388059702,8.009776119402984,8.898694029850748,5.530634328358209,9.257276119402984,7.9308582089552235,7.903208955223881,6.585298507462688,10.042425373134328,7.769141791044777,6.755858208955224,8.56410447761194,6.911977611940298,8.379402985074627,8.907425373134329,7.6454104477611935,7.950485074626866,6.783694029850746,5.781194029850747,7.965746268656717,7.74186567164179,9.31847014925373,7.486567164179105,7.856417910447761,7.706940298507463,7.862611940298507,8.714626865671644,5.639776119402986,7.5552238805970156,6.867462686567165,7.345261194029852,7.51641791044776,9.002388059701493,7.406753731343285,6.788582089552238,7.388320895522389,7.953694029850747,8.644328358208952,7.231791044776119,7.303544776119403,6.601716417910447,7.3856716417910455,6.95865671641791,7.309291044776118,7.659738805970149,6.8236567164179105,9.062388059701492,7.009141791044775,7.157649253731343,8.039141791044777,8.080597014925372,6.743134328358209,9.028395522388058,8.94011194029851,7.692686567164181,8.765708955223879,5.648320895522388,7.259029850746268,8.473544776119402,7.469514925373134,6.8816417910447765,6.7375,8.030559701492537,8.388694029850745,6.581641791044776,7.682910447761192,7.298619402985075,8.68884328358209,7.053582089552237,8.698097014925372,8.072985074626867,8.621119402985075,7.433768656716417,8.09955223880597,7.656828358208954,6.159291044776119,7.617723880597015,7.750820895522387,8.621567164179105,7.8863432835820895,7.507014925373133,5.824664179104476,7.797761194029851,9.51044776119403,8.203992537313432,9.009626865671642,5.725895522388059,9.164589552238809,8.064701492537312,8.103694029850748,6.986529850746269,7.334067164179104,7.708582089552239,7.787164179104476,6.167798507462686,8.370559701492537,9.19436567164179,7.88436567164179,7.2881716417910445,7.228694029850745,8.782686567164179,7.556492537313433,7.14339552238806,7.51634328358209,7.681231343283582,7.833768656716419,7.177350746268655,6.756194029850747,8.088283582089552,6.650895522388059,6.878880597014926,6.538955223880597,6.362873134328358,8.104664179104478,7.393843283582091,8.819962686567163,6.973694029850747,8.294664179104478,7.993843283582089,8.115298507462686,7.923507462686564,7.259589552238805,8.567574626865673,8.777164179104474,6.399850746268657,6.691082089552239,7.653619402985075,7.621753731343284,7.172835820895523,7.447126865671643,7.813544776119404,8.245858208955225,
7.740671641791043,8.51,7.228768656716418,5.837164179104478,7.7926492537313425,7.956007462686569,7.645671641791044,8.530223880597015,8.069589552238806,5.780074626865671,6.213656716417911,6.691082089552239,6.566380597014926,6.513097014925373,5.763320895522388,6.446940298507464,6.828022388059701,6.61231343283582,6.7432835820895525,6.451716417910449,6.567089552238805,6.034962686567165,6.651119402985075,5.08160447761194,5.7383208955223886,6.802089552238806,7.056455223880596,6.723656716417912,6.784514925373133,6.227537313432836,5.943432835820896,6.1542164179104475,6.882537313432835,6.584552238805969,7.706119402985076,6.961865671641791,7.156679104477612,6.834477611940299,6.842686567164179,6.612835820895523,6.928432835820895,6.546231343283582,6.389850746268657,7.366828358208955,5.763395522388061,5.952611940298508,6.522649253731344,6.6044776119402995,6.14268656716418,5.696529850746269,8.299813432835823,5.965597014925372,7.063470149253732,7.77455223880597,6.780783582089552,6.771380597014925,6.172537313432835,5.969402985074627,7.776940298507464,7.297537313432836,7.651455223880596,5.738097014925374,7.022313432835821,5.213059701492537,6.953731343283582,6.898246268656718,6.757537313432836,7.241492537313433,7.223059701492538,7.067873134328359,6.518358208955223,7.877126865671642,8.23011194029851,6.823208955223881,8.331641791044776,6.574029850746268,6.402014925373134,6.845522388059702,8.023022388059701,6.632611940298507,7.2876119402985085,6.72294776119403,7.228171641791045,6.53223880597015,5.964216417910446,8.267388059701492,8.027686567164178,6.717611940298508,7.121679104477612,6.843246268656715,5.610932835820895,7.075074626865671,5.990820895522388,6.461604477611941,6.566343283582089,6.5426119402985075,5.704664179104477,6.616492537313433,7.016492537313432,7.431679104477613,7.6319402985074625,7.338059701492537,6.338470149253731,7.152611940298508,7.197276119402985,6.96910447761194,7.342388059701491,6.6226865671641795,7.105149253731343,6.4439552238805975,6.153432835820894,7.3593283582089555,7.315932835820895,8.184440298507463,6.1810820895522385,6.966044776119403,5.685410447761194,6.801641791044776,7.752798507462686,6.817052238805969,7.824589552238807,7.838470149253731,6.46634328358209,7.509552238805971,6.514402985074628,6.489962686567165,6.289589552238805,7.242537313432835,7.427873134328357,6.423283582089551,6.303358208955224,6.818544776119403,6.326716417910448,7.4309701492537314,7.247910447761194,7.009925373134329,7.130746268656718,6.967089552238806,6.925671641791045,7.5867910447761195,6.366231343283583,6.561791044776119,6.682089552238806,7.620858208955224,6.957276119402984,7.208358208955223,7.365298507462687,6.312723880597017,6.406641791044774,6.277350746268658,5.848022388059702,6.818992537313433,6.986455223880597,5.569141791044776,6.81794776119403,6.897126865671643,6.625447761194029,7.607388059701493,5.26410447761194,7.800223880597013,6.011940298507462,6.197313432835821,6.419440298507462,6.164179104477611,6.158507462686567,5.402500000000002,4.167462686567164,7.417835820895523,6.711380597014926,6.529029850746269,5.667947761194029,7.3320895522388065,6.982649253731343,6.47205223880597,5.889701492537315,6.130783582089552,6.1278358208955215,6.95365671641791,7.950932835820895,7.7175,7.795335820895521,5.157910447761195,7.951156716417908,6.618992537313432,6.402500000000001,8.211902985074628,6.449440298507463,5.9481716417910455,7.284701492537313,6.695522388059702,7.670335820895523,6.9489179104477605,6.7032835820895516,8.015149253731343,6.8504850746268655,6.739850746268656,7.6899626865671635,6.383432835820895,5.633656716417911,7.159216417910448,
7.740671641791043,8.51,7.16705223880597,7.105447761194029,6.17589552238806,5.758283582089552,7.521231343283582,5.4985074626865655,6.467873134328357,6.146417910447762,5.710597014925374,5.713992537313433,5.658843283582089,7.175970149253732,7.064141791044775,4.794029850746268,7.271231343283582,5.915597014925374,5.682052238805971,7.006268656716418,6.691305970149254,6.54884328358209,6.340037313432836,7.0472014925373125,5.380037313432836,4.908843283582089,6.580783582089553,5.79473880597015,7.147947761194029,6.3147388059701495,5.990970149253731,5.079365671641791,6.665298507462687,6.235970149253731,6.968619402985075,4.858358208955224,6.956604477611941,5.707425373134328,8.06070895522388,7.122201492537314,5.989253731343284,5.897052238805969,7.047798507462687,5.789962686567165,6.980485074626866,7.264402985074628,5.2569402985074625,6.991194029850746,6.338208955223881,5.506865671641791,6.788955223880597,5.418955223880598,6.641567164179104,6.296044776119403,5.4487686567164175,5.82929104477612,6.543171641791045,7.347425373134329,5.966865671641791,5.9798507462686565,6.873917910447761,7.155634328358208,6.325895522388059,7.00955223880597,7.035858208955223,6.774291044776119,7.3551492537313425,6.419888059701492,6.653171641791044,6.56776119402985,6.657873134328357,6.062500000000001,6.070559701492537,6.535746268656715,5.380149253731343,6.164701492537314,6.824253731343284,6.061417910447761,5.458880597014926,6.144141791044775,6.996343283582091,5.669365671641791,5.976791044776119,5.773059701492538,5.9482835820895525,7.55018656716418,5.983544776119403,5.5246641791044775,6.378134328358208,6.076679104477612,6.213694029850747,6.409253731343284,5.648208955223881,6.802164179104478,6.349365671641791,6.358022388059702,5.705895522388059,5.263805970149254,5.686380597014924,7.073656716417911,6.20026119402985,6.182014925373135,6.421119402985075,6.036119402985074,6.231044776119402,6.435335820895522,6.25481343283582,6.4212686567164186,4.706455223880597,5.904477611940299,5.450932835820895,5.664589552238804,5.990335820895523,7.235559701492538,6.631940298507464,5.327089552238807,5.710335820895522,5.224067164179104,5.981641791044777,6.776268656716418,5.865186567164179,5.210223880597017,5.143134328358209,8.268358208955222,6.616977611940299,6.148395522388061,6.048843283582089,6.076343283582091,6.450111940298508,6.644813432835821,5.8994776119402985,6.180485074626866,6.593805970149253,5.482164179104478,7.486231343283581,6.479440298507463,6.193358208955225,5.70223880597015,6.231305970149254,6.440410447761194,6.79,6.885522388059702,6.590932835820896,6.701641791044775,6.758059701492537,6.114888059701492,6.9663432835820895,5.910597014925372,6.218843283582089,6.054552238805971,5.684179104477613,6.05776119402985,6.4127611940298515,5.730485074626865,6.589402985074626,6.053320895522387,6.714029850746269,6.0560447761194025,6.6858208955223875,6.014701492537313,5.940783582089551,7.085858208955225,6.591604477611941,6.775037313432836,5.830335820895521,6.869701492537313,6.73294776119403,5.5024999999999995,6.227761194029851,6.553805970149253,5.759141791044776,5.896156716417909,6.698208955223881,5.783694029850746,5.677313432835821,7.365223880597014,5.120783582089553,6.295111940298507,5.400298507462686,6.431268656716418,7.776268656716418,6.428022388059702,5.960671641791043,5.758097014925373,7.770373134328357,6.936455223880597,5.319664179104477,6.698432835820896,6.409626865671641,6.855970149253731,5.97473880597015,6.277537313432836,5.581716417910448,6.913992537313432,6.754514925373134,6.5287686567164185,6.457723880597016,6.137686567164178,6.498358208955223,6.313582089552239,
5.833619402985075,5.762873134328357,6.139514925373135,6.395373134328358,4.681641791044776,5.687238805970149,5.829216417910448,6.072425373134329,4.924626865671642,6.355037313432836,7.034589552238807,6.340597014925372,6.101194029850747,5.702089552238807,6.345149253731344,5.899402985074627,4.711679104477612,6.4484328358208955,6.143022388059701,5.576567164179103,6.7375,6.510335820895523,5.335298507462686,7.696791044776119,6.221604477611941,5.775447761194029,6.062873134328358,6.190037313432837,6.557985074626866,5.9445895522388055,6.574664179104477,5.923582089552238,6.063656716417912,6.047686567164178,5.498768656716419,5.31339552238806,5.298507462686567,5.861305970149254,5.08152985074627,6.303955223880597,6.107164179104478,5.54589552238806,5.105447761194029,5.374328358208955,5.901902985074627,5.874328358208956,4.964402985074627,6.4083582089552245,6.187014925373134,6.657425373134329,6.898097014925374,5.034701492537314,6.830261194029851,4.699216417910448,6.424888059701492,5.315820895522388,5.358432835820896,6.87884328358209,6.971492537313432,5.864813432835821,5.799291044776119,6.268731343283582,5.0914179104477615,5.724850746268657,5.839477611940299,5.9847014925373125,5.833582089552238,7.394067164179105,6.637686567164179,6.083992537313434,5.275597014925372,5.530597014925373,6.505858208955224,5.45089552238806,5.965559701492538,5.970895522388059,6.972052238805971,5.646119402985075,5.945335820895522,6.1052238805970145,6.316716417910447,6.124776119402984,6.719626865671642,6.067126865671642,5.753283582089552,6.29455223880597,6.22589552238806,5.747425373134329,6.385895522388059,5.668283582089553,5.688283582089553,6.277164179104478,5.188582089552239,5.521791044776119,6.4975,5.795932835820896,5.5780223880597015,5.691567164179104,5.65962686567164,6.427164179104477,5.924664179104478,5.381119402985074,6.105746268656715,6.036567164179104,5.811679104477612,5.763805970149253,5.455783582089553,5.803731343283583,6.257873134328358,6.327462686567165,5.625783582089553,5.71115671641791,7.36981343283582,5.742835820895523,5.768768656716419,7.156679104477613,7.045223880597015,5.934552238805971,5.426343283582089,5.137201492537314,6.848582089552239,6.620111940298509,6.152126865671642,5.847910447761194,6.90955223880597,5.296679104477611,5.431380597014925,6.4796641791044784,5.5153731343283585,4.776380597014925,6.079514925373134,5.909776119402985,6.298582089552239,4.938283582089553,5.727761194029852,5.343544776119403,6.649029850746269,6.546492537313432,5.978022388059701,7.077052238805971,5.165,5.123059701492537,5.478619402985075,5.681753731343282,5.8187686567164185,5.049514925373134,6.946343283582089,6.361791044776121,6.348358208955224,5.894216417910447,6.233097014925373,5.238208955223881,5.315261194029851,6.4308582089552235,6.693880597014925,5.7172014925373125,5.566268656716418,5.22731343283582,6.215037313432836,6.3733208955223875,6.378582089552238,6.949514925373134,6.852462686567164,5.997873134328358,6.556940298507463,4.535223880597014,5.529328358208955,5.558507462686567,6.585783582089552,6.766828358208956,6.812276119402984,5.751268656716418,5.336231343283582,4.7476492537313435,6.1221641791044785,6.413917910447761,6.1946268656716414,6.652761194029851,5.887201492537313,5.780671641791045,6.198395522388059,6.393544776119403,5.668992537313433,6.531791044776119,6.161902985074627,5.542835820895522,6.846529850746268,5.392611940298507,5.053134328358208,7.3327238805970145,6.155410447761194,6.346492537313432,5.566343283582088,6.150335820895522,5.219738805970149,7.051902985074627,5.7876119402985085,6.075485074626865,5.517014925373133,5.857723880597016,
5.833619402985075,5.762873134328357,6.7792164179104475,6.038880597014924,5.402761194029851,5.539925373134328,5.8106716417910445,6.217313432835822,6.816044776119403,5.386082089552238,5.455223880597014,5.665597014925373,5.706305970149255,5.342388059701493,5.28026119402985,5.4981716417910445,5.3950746268656715,5.536268656716418,5.785522388059702,6.19518656716418,7.484738805970149,6.74660447761194,5.417126865671642,5.981716417910449,7.276231343283582,5.932761194029851,6.619738805970149,5.943097014925374,6.172910447761194,5.74820895522388,6.529664179104478,5.963544776119402,6.38044776119403,5.449962686567165,5.352089552238806,5.251305970149255,6.005634328358209,5.360223880597015,6.143880597014927,5.631940298507463,6.930634328358209,5.12223880597015,5.283134328358209,5.349962686567163,5.988544776119403,6.5822388059701495,7.133880597014925,6.9222014925373125,6.822425373134328,5.9505223880597,6.225223880597015,6.8997761194029845,4.677425373134328,6.047985074626866,6.275074626865672,6.645932835820896,5.297910447761194,6.059365671641792,6.067574626865672,4.840820895522389,5.532388059701493,5.338171641791045,5.948097014925373,5.302201492537312,5.769253731343284,6.811417910447762,5.167798507462686,5.673208955223881,5.544141791044776,6.242462686567165,5.57902985074627,5.784850746268657,4.942835820895521,5.8595895522388055,5.710522388059703,6.37615671641791,5.561529850746269,6.409365671641791,5.010111940298509,5.365373134328358,6.397276119402986,4.65776119402985,5.800074626865672,5.536044776119403,5.267164179104479,5.48955223880597,6.392164179104478,5.49589552238806,6.317164179104477,5.820335820895522,6.364850746268656,6.197910447761195,5.956156716417912,5.71320895522388,5.231492537313433,6.57089552238806,6.152723880597015,6.099328358208955,5.132089552238806,5.728246268656717,6.917350746268657,5.577388059701493,6.092873134328359,6.016156716417911,5.583320895522387,5.773768656716418,5.8236194029850745,5.955111940298507,5.741082089552239,5.468246268656716,5.384626865671641,6.011902985074627,5.754104477611941,6.469067164179105,5.490298507462687,5.418694029850745,6.354888059701492,5.83544776119403,5.6049626865671645,5.336268656716418,5.577985074626866,5.748656716417911,5.134477611940299,5.03679104477612,5.1457835820895514,6.274440298507463,5.8150373134328355,6.478171641791044,6.022985074626865,5.515037313432836,5.131529850746269,5.718805970149253,5.065671641791045,6.5068656716417905,4.174029850746269,5.733283582089553,4.958731343283582,5.651679104477612,6.313171641791044,5.82294776119403,5.656902985074627,6.311194029850747,4.9265298507462685,5.853097014925373,5.433246268656717,5.946119402985074,5.625037313432836,6.2129477611940285,5.647201492537313,5.469888059701494,5.932985074626866,6.0641791044776125,5.849850746268657,5.989179104477612,6.3550746268656715,5.451119402985075,6.151455223880598,5.7131343283582074,5.8992910447761195,5.826902985074628,5.279029850746268,6.085373134328359,4.780373134328358,6.165037313432836,6.4082462686567165,6.075373134328357,5.6186194029850745,5.589402985074627,5.027425373134328,5.025783582089551,5.6455223880597005,5.60705223880597,5.478283582089553,4.781044776119403,5.496791044776119,5.941865671641791,5.916492537313433,5.156529850746269,6.204813432835821,5.629701492537313,5.43910447761194,5.768768656716419,5.81,6.065522388059702,4.36365671641791,5.797350746268656,5.342798507462687,5.836492537313433,6.595522388059701,5.335298507462686,6.349664179104479,5.65160447761194,5.8864925373134325,5.350671641791044,6.648320895522389,5.759850746268657,6.021156716417911,5.9625,5.887126865671642,5.570559701492538,
7.023022388059701,6.048582089552239,6.786940298507462,5.978022388059701,5.018507462686567,6.068022388059701,5.738059701492537,6.276007462686567,5.489925373134328,6.5069402985074625,5.998246268656716,5.892350746268656,5.9715671641791035,5.95473880597015,5.123619402985075,4.853246268656716,5.638059701492537,5.829216417910449,4.340074626865671,4.514664179104477,4.712686567164179,6.0511940298507465,6.618507462686567,6.200447761194032,6.733731343283582,6.1586194029850745,5.131119402985075,5.117462686567164,4.441716417910448,5.2304104477611935,5.31820895522388,4.289850746268656,4.740149253731343,5.681977611940299,6.41589552238806,6.601865671641791,5.853768656716418,6.777350746268657,5.141977611940299,5.203843283582089,4.8913059701492525,5.44705223880597,5.772313432835821,5.6672388059701495,5.671082089552239,5.321865671641792,6.790895522388059,5.238059701492537,6.416156716417912,5.893656716417911,5.717835820895523,5.491791044776119,6.625932835820897,6.896082089552239,5.931417910447761,6.767499999999999,4.656007462686568,5.268656716417911,4.802537313432835,6.001828358208956,5.94794776119403,5.522462686567164,4.9081716417910455,5.476567164179104,5.486082089552238,5.835858208955225,5.116791044776119,5.760074626865671,4.641194029850747,5.733917910447762,5.2343283582089555,6.451343283582089,5.4218283582089555,5.2967537313432835,5.394365671641792,5.695335820895522,5.824253731343284,5.705634328358211,5.571268656716417,4.499701492537314,5.025820895522388,4.656791044776119,6.01179104477612,5.784589552238806,5.710522388059703,5.124029850746268,5.193432835820896,5.570223880597014,5.36955223880597,5.5912686567164185,5.563470149253732,6.193283582089552,5.454067164179104,5.56429104477612,6.446343283582089,5.495335820895523,5.442350746268656,5.526380597014925,5.9402238805970144,5.916044776119404,5.351940298507463,6.00436567164179,5.3139552238805985,5.643432835820896,4.78865671641791,4.246940298507462,6.463470149253731,5.8242910447761185,5.766343283582089,5.810708955223881,5.190149253731343,6.087089552238806,5.99481343283582,4.81410447761194,5.889440298507462,5.2878358208955225,5.1811194029850745,5.642499999999999,5.734664179104478,5.808619402985075,5.399850746268657,5.016231343283582,5.53652985074627,5.9448507462686555,5.978432835820896,5.712313432835821,5.476268656716417,6.477574626865671,6.196194029850747,5.611567164179104,5.616865671641793,4.883917910447762,3.9561940298507463,5.531268656716418,5.5995522388059715,5.8870149253731325,5.465149253731344,5.061119402985075,5.80813432835821,6.621492537313433,4.990820895522388,5.23384328358209,5.159029850746268,5.3239925373134325,5.906231343283582,5.327164179104477,5.9484701492537315,4.581828358208956,5.890410447761194,6.111455223880597,5.00884328358209,5.138544776119403,5.29518656716418,5.277350746268657,4.939179104477612,5.2481716417910445,5.7386940298507465,6.117611940298508,5.063507462686567,5.220223880597015,5.130597014925372,5.5960074626865675,6.032238805970149,5.272313432835821,5.6140298507462685,5.68768656716418,6.409328358208955,5.78563432835821,5.146343283582089,5.813731343283582,5.293507462686567,5.548582089552239,5.418395522388059,5.787649253731342,4.631940298507463,5.16160447761194,5.829141791044776,5.134776119402986,5.793619402985075,6.366268656716417,5.791604477611939,5.498955223880596,5.24205223880597,5.958880597014924,5.78294776119403,5.5958955223880595,5.786156716417911,5.677238805970148,4.676007462686567,5.909850746268656,5.8643283582089545,5.240671641791045,5.67205223880597,5.338768656716417,5.227574626865671,6.108432835820896,5.397238805970149,5.460820895522388,5.345485074626866,5.494477611940297,
7.023022388059701,6.048582089552239,5.134179104477611,5.056641791044775,5.416082089552239,6.290559701492537,5.755858208955223,5.904962686567164,6.077835820895522,5.355746268656717,5.63884328358209,5.181305970149253,5.586268656716418,5.441194029850746,4.9403731343283575,5.71570895522388,5.30712686567164,5.028955223880597,5.213917910447762,5.4485447761194035,4.050111940298508,5.415223880597016,5.350485074626865,4.538432835820896,4.656455223880597,5.1764179104477615,4.997723880597015,5.102873134328359,5.983320895522389,5.523507462686568,6.322686567164179,5.110783582089552,5.736417910447761,5.614216417910448,4.735858208955223,5.218805970149253,5.924253731343283,5.347425373134328,5.013358208955224,5.785783582089553,5.206791044776119,5.883731343283582,5.657910447761193,5.194477611940299,4.703582089552238,6.453843283582091,5.987873134328358,5.153619402985074,5.508320895522388,6.461380597014926,5.6896641791044775,5.536679104477612,5.501641791044777,5.258283582089553,4.760261194029852,5.349402985074628,5.202873134328358,6.300335820895524,5.531268656716417,5.5017537313432845,5.155186567164179,5.328470149253732,5.652350746268657,5.503731343283583,4.909589552238805,5.76705223880597,6.426753731343284,6.139291044776119,4.789253731343284,5.099067164179104,6.026679104477612,5.479776119402985,6.006529850746268,5.941343283582089,6.4644776119403,5.157499999999999,4.870223880597015,5.664291044776118,5.66070895522388,4.5782462686567165,4.858320895522387,4.842089552238806,5.699402985074627,5.315335820895523,5.3367910447761195,5.117201492537314,5.549514925373134,5.820298507462687,5.754552238805969,5.280671641791044,5.6451119402985075,5.411641791044775,4.691231343283582,5.457238805970149,5.193731343283581,5.726940298507461,6.445522388059702,5.142126865671642,5.2074626865671645,5.429962686567165,5.947649253731344,5.528097014925374,4.168582089552239,5.298097014925372,5.450335820895522,5.153097014925373,5.168283582089553,5.068395522388061,6.355820895522388,5.267723880597015,5.293619402985075,4.522985074626865,4.882425373134328,5.8189179104477615,6.584253731343283,4.636865671641791,4.928059701492537,5.432425373134329,6.2124253731343275,5.424477611940299,5.242089552238806,5.916231343283581,5.7252611940298515,5.73955223880597,5.019067164179104,5.091305970149253,5.195820895522388,5.551044776119403,5.078955223880597,5.112798507462687,6.241044776119404,5.928917910447761,5.51712686567164,5.750410447761195,5.831492537313433,5.538731343283583,5.206305970149255,5.137425373134328,5.97410447761194,4.617649253731344,4.748246268656717,5.156343283582089,5.1319029850746265,4.94865671641791,5.022537313432836,4.889477611940298,6.0113805970149246,4.723470149253731,5.643022388059701,4.747276119402985,5.851380597014925,4.877537313432837,5.492164179104478,5.172723880597015,5.63865671641791,6.438358208955224,5.389776119402986,4.885261194029851,5.207313432835821,5.978656716417911,4.974067164179104,5.376007462686567,4.566753731343283,4.423507462686568,6.0868283582089555,4.894216417910449,4.824850746268656,5.426082089552239,4.494141791044775,4.799477611940298,6.169701492537314,5.540485074626865,5.004402985074628,5.495111940298508,4.310410447761194,5.443246268656717,4.199776119402986,5.657276119402985,5.68410447761194,5.966977611940298,5.375074626865672,4.962537313432836,5.764626865671642,5.178283582089552,5.514291044776119,5.519216417910448,4.697238805970149,5.410858208955223,5.590559701492538,5.5685820895522395,6.3683208955223884,6.325820895522389,4.918917910447762,4.974104477611941,6.024589552238806,5.68839552238806,5.3908955223880595,5.83589552238806,4.771007462686568,5.381716417910448,
6.073246268656717,5.817835820895523,6.487500000000001,5.214216417910447,5.645186567164178,4.75660447761194,4.818507462686567,4.741417910447762,5.5067910447761195,4.606343283582088,4.960858208955223,5.956679104477613,5.129141791044777,5.692649253731343,6.1313805970149255,4.6533955223880605,5.36436567164179,4.905559701492536,5.397985074626866,4.41679104477612,4.860820895522388,5.328507462686567,5.751082089552239,5.483731343283583,5.934888059701493,5.325970149253731,5.008992537313433,5.851380597014925,5.588656716417909,5.656492537313432,5.891119402985074,4.8951865671641785,4.139999999999999,5.253992537313433,4.842276119402985,5.666791044776119,5.205970149253732,5.615000000000001,5.7611940298507465,5.519664179104478,6.085223880597015,5.23615671641791,5.81044776119403,5.0108582089552245,5.260373134328359,5.590746268656716,5.575671641791044,5.808283582089553,5.982611940298507,5.21294776119403,5.287798507462686,4.87563432835821,5.096082089552239,4.886417910447761,5.772462686567165,4.9570895522388065,5.791828358208955,6.228805970149254,5.112350746268656,5.641119402985074,5.907462686567164,4.692985074626866,4.920261194029851,6.437686567164179,5.3325746268656715,4.3996641791044775,4.856753731343283,5.97723880597015,5.054514925373136,5.8412686567164185,5.582014925373135,5.159477611940298,5.124925373134328,5.329701492537313,5.239440298507463,5.181529850746269,5.165447761194031,5.160298507462686,4.956828358208955,5.6407089552238805,5.028059701492538,4.686753731343283,5.074813432835821,5.7345149253731345,5.950074626865671,5.525820895522389,5.555410447761193,5.028955223880597,5.5910820895522395,4.935298507462686,5.5556343283582095,5.513283582089552,4.878805970149253,5.0424253731343285,4.593059701492537,5.450970149253732,5.791305970149255,5.268768656716417,6.29044776119403,4.86384328358209,6.349626865671641,5.0061940298507475,5.518320895522389,5.107201492537314,5.119701492537312,5.636567164179104,4.678694029850746,4.822798507462686,4.896305970149254,5.065970149253732,4.402238805970149,5.723768656716418,4.894067164179105,4.951977611940297,5.819402985074627,5.688246268656717,4.743171641791046,5.387014925373134,5.415373134328358,4.932723880597016,5.750671641791045,4.7923507462686565,5.018694029850746,5.29231343283582,5.320149253731343,5.2037313432835814,5.228992537313433,5.3326492537313435,5.789776119402983,6.147201492537314,5.781455223880597,4.879589552238806,5.406940298507463,5.048843283582089,5.429216417910448,5.645671641791044,5.379477611940299,5.531902985074627,5.727238805970149,5.871902985074627,5.248208955223881,5.590820895522388,4.8019776119402975,5.606044776119403,5.568320895522389,5.778805970149254,5.220261194029851,6.111082089552238,4.480522388059702,5.861791044776121,4.786119402985075,5.613432835820896,6.187126865671642,5.55044776119403,5.200671641791044,5.785074626865672,4.983358208955224,4.731604477611941,5.299141791044775,5.433880597014925,6.040223880597015,5.218992537313433,4.795186567164179,4.756156716417911,6.218470149253731,5.501791044776119,4.452649253731344,5.646828358208955,4.893955223880597,5.061977611940298,4.945298507462686,5.50507462686567,4.966641791044776,5.542835820895522,5.817014925373134,5.695074626865672,5.754664179104479,4.835858208955224,5.87152985074627,5.427462686567164,5.155634328358209,5.716455223880597,4.756305970149254,5.612425373134328,5.755037313432836,6.049402985074629,5.14231343283582,5.5332835820895525,5.829514925373135,6.009141791044776,5.384514925373135,5.486119402985074,5.763880597014926,6.175671641791045,5.288395522388059,5.813097014925373,5.54,5.457164179104477,5.275298507462687,5.538171641791045,
6.073246268656717,5.817835820895523,6.586194029850746,5.666529850746268,5.216268656716418,4.339962686567165,4.368320895522389,4.96544776119403,5.143022388059701,4.836679104477612,4.7162313432835825,5.400447761194029,4.625111940298507,5.101231343283581,5.0116791044776114,4.980447761194029,5.045373134328359,5.091119402985074,6.255298507462686,4.5869029850746275,5.451902985074627,5.5960820895522385,6.300410447761194,5.785335820895523,5.017761194029851,5.536902985074628,5.43429104477612,4.394626865671641,4.824888059701493,5.7028731343283585,4.94481343283582,4.98358208955224,4.065559701492537,6.184328358208956,5.276268656716417,5.490261194029851,5.092462686567165,4.670149253731343,4.9886567164179105,5.129253731343283,5.854888059701492,5.134067164179104,5.063544776119403,5.4082835820895525,5.7075746268656715,5.31134328358209,5.101641791044777,5.002201492537314,5.899552238805969,5.251044776119403,4.92347014925373,4.707350746268657,5.528955223880597,6.305559701492537,4.819589552238806,5.456492537313433,5.338246268656717,5.813358208955225,5.473432835820895,5.437276119402985,4.964888059701493,5.194962686567164,4.215932835820895,6.005746268656718,4.77115671641791,6.203805970149255,5.004365671641791,4.797723880597015,4.462873134328359,5.062574626865672,4.8374626865671635,6.027985074626867,4.763955223880597,5.357089552238807,4.683992537313434,5.560932835820896,5.1498507462686565,5.160559701492537,4.973246268656715,4.553246268656716,4.920298507462686,5.394328358208956,5.575634328358208,5.39026119402985,5.204925373134328,4.8948134328358215,4.975708955223881,4.3733208955223875,5.687686567164179,5.093134328358209,5.007910447761194,4.559813432835821,5.450037313432836,3.996268656716418,4.629253731343283,4.712611940298508,5.769402985074626,5.4792537313432845,5.670932835820896,5.108059701492538,4.515410447761194,4.913619402985074,4.968544776119404,4.624328358208955,5.101305970149253,4.81391791044776,6.077723880597015,6.097798507462686,5.543955223880598,6.291455223880598,5.218507462686568,4.933470149253732,4.94705223880597,5.197425373134328,4.723582089552239,4.89865671641791,4.647276119402984,4.8316791044776135,5.1541417910447755,4.822574626865671,4.858208955223882,4.6405597014925375,4.334776119402985,4.875671641791044,4.521828358208956,5.655634328358209,5.401567164179104,5.6413432835820885,5.521007462686566,5.61731343283582,5.663694029850745,5.481268656716419,4.787164179104477,5.626044776119404,5.342985074626866,5.58589552238806,4.525149253731343,4.1539179104477615,4.479701492537315,5.406231343283582,6.040037313432837,4.745820895522389,5.457425373134328,4.550597014925372,5.308097014925373,4.754514925373134,5.248134328358209,4.691194029850746,4.733022388059702,5.172201492537314,5.263208955223879,4.792835820895523,5.711305970149255,5.4307835820895525,4.506119402985075,4.6899253731343284,4.834776119402986,5.227276119402984,5.326380597014926,5.812238805970149,4.928582089552238,5.807313432835821,4.387388059701491,5.029253731343285,4.607462686567164,5.040634328358209,6.070559701492537,4.625111940298508,4.576529850746269,5.352126865671641,5.320820895522387,4.731417910447761,4.909813432835821,5.413582089552239,4.917611940298507,5.220186567164179,5.410261194029851,4.80044776119403,4.715074626865672,5.624962686567165,5.756828358208955,4.739402985074627,4.605970149253731,5.4616791044776125,5.389776119402986,5.46910447761194,4.888022388059701,5.803880597014927,5.202089552238806,5.901753731343284,4.5555970149253735,4.088320895522389,4.8325,5.776716417910448,5.565447761194029,5.022164179104477,5.18865671641791,4.4170149253731354,5.4436567164179115,5.2746641791044775,
